
With a s value of 10 there are 0 frequent pairs
With a s value of 10 there are 4256 frequent candidate pairs
With a s value of 10 there are 100 frequent singles
There are 2000 items


The frequent pairs are:
{}

The frequent singles are:
[1, 2, 3, 4, 5, 6, 7, 8, 9, 10, 11, 12, 13, 14, 15, 16, 17, 18, 19, 20, 21, 22, 23, 24, 25, 26, 27, 28, 29, 30, 31, 32, 33, 34, 35, 36, 37, 38, 39, 40, 41, 42, 43, 44, 45, 46, 47, 48, 49, 50, 51, 52, 53, 54, 55, 56, 57, 58, 59, 60, 61, 62, 63, 64, 65, 66, 67, 68, 69, 70, 71, 72, 73, 74, 75, 76, 77, 78, 79, 80, 81, 82, 83, 84, 85, 86, 87, 88, 89, 90, 91, 92, 93, 94, 95, 96, 97, 98, 99, 100]

The item frequencys are (index is item name):
[0, 54, 46, 43, 54, 43, 55, 46, 55, 43, 51, 46, 44, 51, 39, 44, 48, 45, 46, 47, 49, 57, 55, 48, 43, 56, 52, 48, 49, 42, 40, 55, 48, 53, 49, 53, 60, 45, 49, 54, 68, 44, 53, 56, 50, 49, 43, 53, 58, 54, 45, 50, 49, 54, 66, 51, 53, 58, 47, 51, 53, 44, 41, 56, 47, 43, 50, 53, 54, 50, 34, 43, 54, 50, 52, 45, 53, 62, 54, 54, 49, 62, 44, 62, 49, 43, 50, 49, 48, 55, 57, 45, 39, 48, 42, 40, 46, 62, 52, 42, 67, 4, 2, 4, 4, 2, 4, 4, 3, 1, 0, 2, 2, 2, 6, 1, 0, 8, 3, 4, 3, 1, 2, 6, 2, 2, 4, 3, 4, 1, 2, 2, 4, 0, 1, 2, 2, 2, 0, 1, 3, 0, 2, 6, 3, 6, 2, 3, 4, 2, 4, 2, 1, 0, 2, 2, 2, 4, 1, 1, 1, 1, 5, 3, 6, 2, 2, 4, 4, 4, 3, 1, 1, 1, 2, 1, 1, 4, 3, 2, 0, 1, 1, 3, 2, 2, 2, 4, 1, 5, 4, 1, 0, 1, 4, 2, 5, 7, 3, 5, 4, 2, 0, 3, 3, 3, 6, 2, 2, 1, 0, 2, 2, 4, 2, 1, 1, 1, 3, 3, 1, 1, 3, 4, 3, 3, 1, 2, 2, 2, 3, 1, 4, 1, 4, 4, 2, 3, 3, 5, 4, 1, 3, 3, 7, 1, 0, 3, 2, 6, 1, 2, 0, 0, 3, 2, 1, 2, 1, 1, 3, 2, 2, 2, 2, 2, 2, 2, 1, 2, 2, 5, 2, 4, 5, 2, 7, 3, 5, 3, 3, 3, 1, 1, 3, 4, 5, 2, 1, 3, 0, 3, 3, 3, 6, 4, 4, 4, 2, 3, 5, 2, 5, 5, 4, 7, 2, 1, 2, 1, 0, 2, 3, 1, 1, 1, 5, 2, 1, 1, 2, 5, 2, 2, 3, 3, 1, 0, 3, 3, 3, 0, 1, 4, 0, 4, 9, 4, 0, 1, 2, 2, 3, 1, 0, 2, 4, 1, 0, 1, 3, 4, 8, 2, 3, 5, 2, 2, 3, 1, 3, 6, 2, 5, 4, 2, 0, 5, 1, 2, 4, 5, 3, 3, 3, 3, 5, 4, 2, 3, 2, 3, 2, 1, 0, 1, 4, 5, 2, 6, 3, 1, 2, 2, 5, 2, 3, 2, 3, 0, 4, 4, 4, 0, 2, 3, 1, 2, 4, 5, 4, 4, 7, 3, 6, 0, 2, 4, 2, 1, 5, 2, 1, 3, 7, 6, 2, 2, 3, 5, 2, 1, 3, 4, 3, 2, 5, 1, 1, 1, 4, 1, 4, 2, 3, 5, 0, 3, 3, 5, 4, 3, 2, 3, 2, 1, 2, 3, 2, 5, 2, 1, 7, 4, 1, 5, 3, 1, 0, 3, 3, 2, 1, 2, 1, 5, 0, 2, 4, 6, 1, 3, 2, 4, 2, 2, 0, 2, 4, 3, 3, 3, 2, 2, 5, 1, 2, 2, 2, 4, 3, 3, 2, 2, 3, 3, 5, 9, 1, 3, 1, 4, 2, 4, 2, 3, 3, 2, 2, 4, 0, 2, 1, 2, 2, 4, 2, 4, 2, 0, 1, 3, 2, 2, 3, 1, 4, 6, 1, 4, 3, 4, 1, 7, 3, 0, 6, 4, 1, 4, 5, 1, 3, 1, 5, 3, 1, 0, 1, 1, 3, 2, 6, 2, 2, 1, 1, 5, 4, 3, 2, 2, 4, 2, 2, 4, 3, 3, 0, 2, 3, 2, 3, 5, 3, 5, 3, 3, 2, 2, 3, 4, 3, 3, 6, 4, 2, 2, 2, 0, 1, 2, 1, 5, 4, 3, 3, 4, 2, 3, 5, 6, 0, 5, 2, 1, 6, 2, 1, 2, 2, 7, 5, 2, 4, 3, 1, 5, 3, 4, 3, 4, 5, 3, 5, 5, 4, 2, 3, 4, 3, 1, 5, 1, 4, 1, 0, 6, 6, 2, 1, 4, 2, 2, 1, 2, 1, 1, 4, 1, 3, 6, 2, 0, 3, 5, 1, 3, 2, 1, 2, 3, 2, 0, 3, 0, 5, 3, 6, 2, 0, 7, 1, 5, 2, 2, 4, 4, 4, 2, 2, 0, 4, 2, 1, 1, 2, 3, 2, 1, 2, 4, 1, 2, 6, 4, 1, 0, 1, 2, 2, 3, 4, 3, 2, 1, 3, 5, 0, 9, 2, 2, 2, 2, 0, 4, 2, 1, 2, 2, 4, 4, 1, 8, 2, 3, 7, 3, 4, 2, 2, 3, 2, 2, 3, 2, 1, 4, 3, 0, 2, 4, 3, 1, 1, 3, 2, 3, 1, 3, 1, 3, 1, 4, 3, 5, 4, 1, 3, 4, 4, 3, 3, 4, 0, 0, 3, 2, 5, 0, 4, 1, 1, 0, 2, 3, 0, 3, 5, 1, 4, 2, 0, 2, 0, 1, 6, 0, 1, 4, 2, 2, 6, 3, 2, 1, 2, 4, 4, 4, 1, 2, 0, 4, 0, 0, 4, 5, 3, 3, 5, 2, 5, 0, 3, 4, 5, 1, 2, 3, 0, 4, 1, 6, 3, 5, 4, 1, 2, 1, 4, 4, 1, 4, 2, 2, 3, 2, 1, 0, 4, 3, 4, 3, 2, 3, 6, 5, 4, 3, 3, 3, 0, 0, 3, 2, 2, 2, 3, 1, 4, 0, 4, 2, 4, 6, 3, 2, 3, 3, 1, 3, 1, 0, 1, 3, 2, 4, 1, 2, 4, 5, 0, 1, 2, 3, 3, 5, 3, 2, 2, 4, 4, 1, 4, 3, 4, 1, 3, 3, 6, 1, 2, 3, 2, 0, 3, 3, 4, 1, 5, 1, 3, 4, 0, 3, 1, 1, 3, 1, 3, 2, 1, 3, 3, 5, 0, 3, 2, 2, 5, 6, 1, 5, 3, 7, 3, 1, 1, 3, 2, 1, 2, 0, 2, 1, 3, 1, 1, 1, 2, 3, 6, 0, 2, 0, 3, 5, 2, 7, 2, 0, 2, 5, 2, 0, 2, 3, 3, 3, 2, 1, 3, 4, 4, 1, 3, 0, 1, 2, 0, 2, 2, 1, 5, 4, 1, 0, 1, 5, 3, 3, 6, 1, 1, 2, 0, 2, 2, 0, 1, 3, 9, 7, 1, 3, 2, 2, 1, 2, 3, 2, 2, 2, 3, 4, 4, 1, 5, 4, 3, 4, 3, 1, 1, 2, 5, 1, 0, 0, 2, 0, 3, 3, 1, 4, 1, 4, 2, 3, 3, 2, 3, 3, 1, 3, 0, 1, 5, 7, 1, 1, 2, 0, 3, 1, 0, 1, 3, 1, 2, 5, 0, 2, 2, 5, 2, 4, 1, 0, 1, 2, 3, 4, 1, 3, 2, 6, 3, 1, 3, 7, 2, 2, 0, 5, 8, 3, 2, 3, 1, 1, 0, 0, 4, 4, 2, 2, 3, 1, 2, 2, 0, 4, 0, 1, 5, 4, 2, 1, 1, 2, 3, 0, 1, 3, 1, 4, 3, 1, 4, 0, 2, 0, 5, 2, 1, 2, 2, 5, 5, 3, 2, 6, 3, 4, 4, 4, 2, 2, 4, 2, 2, 6, 4, 3, 3, 3, 2, 4, 1, 1, 4, 4, 1, 0, 6, 1, 3, 9, 3, 5, 3, 1, 1, 3, 2, 3, 3, 3, 3, 2, 1, 0, 1, 2, 2, 1, 1, 1, 2, 5, 0, 2, 4, 2, 3, 2, 4, 2, 2, 2, 3, 3, 1, 5, 6, 6, 1, 4, 3, 1, 2, 1, 3, 3, 2, 1, 1, 2, 4, 4, 2, 5, 3, 2, 2, 4, 2, 5, 0, 4, 2, 3, 1, 4, 3, 3, 1, 5, 1, 4, 1, 3, 3, 3, 2, 1, 1, 3, 4, 3, 1, 5, 2, 4, 3, 2, 1, 2, 4, 1, 4, 2, 2, 4, 3, 2, 3, 5, 1, 3, 3, 3, 1, 2, 5, 2, 1, 1, 3, 3, 3, 2, 1, 5, 2, 5, 4, 1, 2, 5, 6, 4, 1, 2, 3, 4, 0, 4, 5, 1, 1, 2, 6, 2, 4, 5, 1, 0, 2, 3, 1, 1, 1, 1, 2, 4, 3, 2, 0, 2, 5, 4, 3, 3, 1, 0, 3, 7, 2, 2, 3, 4, 6, 1, 2, 4, 4, 3, 1, 4, 1, 2, 4, 3, 1, 2, 1, 3, 1, 4, 2, 3, 3, 3, 2, 5, 0, 1, 2, 3, 6, 1, 2, 5, 1, 2, 5, 1, 6, 2, 5, 2, 6, 5, 3, 4, 5, 6, 4, 2, 1, 6, 3, 2, 2, 2, 2, 0, 3, 4, 2, 2, 3, 1, 5, 3, 2, 1, 0, 4, 4, 1, 0, 2, 5, 4, 3, 2, 1, 2, 1, 1, 2, 2, 2, 3, 2, 6, 4, 4, 4, 0, 4, 2, 0, 2, 3, 3, 2, 2, 2, 2, 3, 2, 2, 1, 1, 5, 2, 3, 1, 3, 2, 1, 4, 3, 1, 4, 3, 2, 1, 0, 5, 2, 3, 2, 4, 2, 6, 1, 3, 3, 0, 4, 2, 5, 4, 4, 6, 4, 3, 7, 3, 4, 1, 4, 3, 2, 2, 3, 5, 1, 7, 4, 6, 3, 8, 4, 3, 2, 3, 1, 2, 2, 5, 2, 2, 2, 3, 1, 2, 2, 3, 2, 2, 4, 5, 3, 4, 2, 4, 4, 2, 6, 3, 1, 4, 2, 2, 4, 3, 2, 2, 3, 2, 4, 7, 3, 2, 2, 2, 1, 4, 2, 2, 1, 3, 2, 1, 3, 3, 4, 4, 3, 2, 2, 5, 0, 8, 2, 0, 2, 3, 2, 3, 2, 2, 1, 4, 1, 0, 1, 2, 1, 0, 6, 1, 7, 5, 4, 2, 6, 2, 1, 4, 2, 3, 1, 5, 1, 2, 1, 1, 2, 3, 2, 3, 1, 4, 2, 1, 0, 3, 3, 3, 4, 4, 5, 4, 7, 6, 1, 3, 3, 1, 1, 9, 3, 6, 1, 1, 2, 2, 1, 3, 2, 2, 4, 3, 3, 2, 1, 2, 0, 1, 0, 0, 5, 2, 1, 1, 1, 2, 2, 1, 3, 4, 5, 2, 5, 1, 1, 2, 6, 2, 4, 3, 2, 2, 3, 2, 2, 2, 4, 3, 3, 1, 1, 3, 3, 0, 2, 2, 2, 0, 0, 2, 2, 4, 2, 1, 3, 1, 4, 4, 4, 1, 1, 2, 4, 2, 5, 2, 0, 3, 3, 3, 1, 5, 3, 4, 4, 3, 1, 2, 2, 2, 2, 1, 0, 4, 1, 0, 3, 2, 3, 2, 1, 2, 3, 1, 3, 2, 4, 2, 1, 3, 5, 3, 5, 3, 1, 1, 5, 3, 0, 1, 2, 3, 1, 3, 3, 3, 5, 2, 1, 3, 2, 1, 6, 4, 2, 2, 1, 2, 4, 5, 4, 5, 4, 0, 1, 2, 1, 2, 2, 1, 5, 3, 4, 2, 1, 2, 5, 5, 2, 2, 1, 4, 2, 1, 1, 1, 2, 3, 3, 2, 2, 3, 1, 0, 0, 4, 2, 3, 1, 1, 4, 3, 4, 3, 3, 2, 4, 0, 2, 3, 5, 1, 1, 4, 1, 4, 2, 2, 2, 3, 0, 4, 5, 3, 1, 2, 1, 4, 4, 1, 2, 2, 4, 2, 3, 1, 5, 0, 2, 2, 0, 0, 0, 0, 3, 2, 1, 1, 3, 2, 0, 4, 5, 2, 1, 3, 5, 1, 2, 7, 2, 3, 1, 3, 4, 5, 4, 4, 2, 2, 5, 5, 0, 0, 3, 0, 0, 3, 2, 4, 4, 2, 2, 4, 5, 2, 3, 4, 4, 3, 4, 8, 4, 7, 3, 5, 2, 1, 1, 3, 3, 3, 2, 5, 1, 5, 4, 4, 2, 2, 2, 5, 6, 3, 2, 2, 4, 2, 7, 2, 1, 2, 4, 2, 6, 3, 2, 5, 2, 0, 1, 2, 0, 5, 1, 2, 5, 3, 4, 1, 3, 5, 7, 3, 1, 3, 1, 2, 4, 1, 4, 4, 3, 3, 3, 1, 2, 2, 1, 3, 5, 1, 9, 1, 2, 1, 3, 3, 3, 5, 3, 4, 4, 0, 2, 2, 5, 3, 1, 2, 3, 4, 4, 2, 2, 5, 2, 4, 5, 2, 3, 7, 0, 0, 4, 5, 1, 1, 1, 3, 3, 4, 2, 5, 3, 2, 4, 4, 2, 1, 3, 1]